[[111111111111111111111111111111111111111111111111111111111111111111111111111111111111111111111111111111111111111111111111111111111111111111111111111111111111111111111111111111111111111111111111111111111111111111111111111111111]
[111111111111111111111111111111111111111111111111111111111111111111111111111111111111111111111111111111111111111111111111111111111111111111111111111111111111111111111111111111111111111111111111111111111111111111111111111111111]
[111111111111111111111111111111111111111111111111111111111111111111111111111111111111111111111111111111111111111111111111111111111111111111111111111111111111111111111111111111111111111111111111111111111111111111111111111111111]
[111111111111111111111111111111111111111111111111111111111111111111111111111111111111111111111111111111111111111111111111111111111111111111111111111111111111111111111111111111111111111111111111111111111111111111111111111111111]
[111111111111111111111111111111111111111111111111111111111111111111111111111111111111111111111111111111111111111111111111111111111111111111111111111111111111111111111111111111111111111111111111111111111111111111111111111111111]
[111111111111111111111111111111111111111111111111111111111111111111111111111111111111111111111111111111111111111111111111111111111111111111111111111111111111111111111111111111111111111111111111111111111111111111111111111111111]
[111111111111111111111111111111111111111111111111111111111111111111111111111111111111111111111111111111111111111111111111111111111111111111111111111111111111111111111111111111111111111111111111111111111111111111111111111111111]
[111111111111111111111111111111111111111111111111111111111111111111111111111111111111111111111111111111111111111111111111111111111111111111111111111111111111111111111111111111111111111111111111111111111111111111111111111111111]
[111111111111111111111111111111111111111111111111111111111111111111111111111111111111111111111111111111111111111111111111111111111111111111111111111111111111111111111111111111111111111111111111111111111111111111111111111111111]
[111111111111111111111111111111111111111111111111111111111111111111111111111111111111111111111111111111111111111111111111111111111111111111111111111111111111111111111111111111111111111111111111111111111111111111111111111111111]
[111111111111111111111111111111111111111111111111111111111111111111111111111111111111111111111111111111111111111111111111111111111111111111111111111111111111111111111111111111111111111111111111111111111111111111111111111111111]
[111111111111111111111111111111111111111111111111111111111111111111111111111111111111111111111111111111111111111111111111111111111111111111111111111111111111111111111111111111111111111111111111111111111111111111111111111111111]
[111111111111111111111111111111111111111111111111111111111111111111111111111111111111111111111111111111111111111111111111111111111111111111111111111111111111111111111111111111111111111111111111111111111111111111111111111111111]
[111111111111111111111111111111111111111111111111111111111111111111111111111111111111111111111111111111111111111111111111111111111111111111111111111111111111111111111111111111111111111111111111111111111111111111111111111111111]
[111111111111111111111111111111111111111111111111111111111111111111111111111111111111111111111111111111111111111111111111111111111111111111111111111111111111111111111111111111111111111111111111111111111111111111111111111111111]
[111111111111111111111111111111111111111111111111111111111111111111111111111111111111111111111111111111111111111111111111111111111111111111111111111111111111111111111111111111111111111111111111111111111111111111111111111111111]
[111111111111111111111111111111111111111111111111111111111111111111111111111111111111111111111111111111111111111111111111111111111111111111111111111111111111111111111111111111111111111111111111111111111111111111111111111111111]
[111111111111111111111111111111111111111111111111111111111111111111111111111111111111111111111111111111111111111111111111111111111111111111111111111111111111111111111111111111111111111111111111111111111111111111111111111111111]
[111111111111111111111111111111111111111111111111111111111111111111111111111111111111111111111111111111111111111111111111111111111111111111111111111111111111111111111111111111111111111111111111111111111111111111111111111111111]
[111111111111111111111111111111111111111111111111111111111111111111111111111111111111111111111111111111111111111111111111111111111111111111111111111111111111111111111111111111111111111111111111111111111111111111111111111111111]
[111111111111111111111111111111111111111111111111111111111111111111111111111111111111111111111111111111111111111111111111111111111111111111111111111111111111111111111111111111111111111111111111111111111111111111111111111111111]
[111111111111111111111111111111111111111111111111111111111111111111111111111111111111111111111111111111111111111111111111111111111111111111111111111111111111111111111111111111111111111111111111111111111111111111111111111111111]
[111111111111111111111111111111111111111111111111111111111111111111111111111111111111111111111111111111111111111111111111111111111111111111111111111111111111111111111111111111111111111111111111111111111111111111111111111111111]
[111111111111111111111111111111111111111111111111111111111111111111111111111111111111111111111111111111111111111111111111111111111111111111111111111111111111111111111111111111111111111111111111111111111111111111111111111111111]
[111111111111111111111111111111111111111111111111111111111111111111111111111111111111111111111111111111111111111111111111111111111111111111111111111111111111111111111111111111111111111111111111111111111111111111111111111111111]
[111111111111111111111111111111111111111111111111111111111111111111111111111111111111111111111111111111111111111111111111111111111111111111111111111111111111111111111111111111111111111111111111111111111111111111111111111111111]
[111111111111111111111111111111111111111111111111111111111111111111111111111111111111111111111111111111111111111111111111111111111111111111111111111111111111111111111111111111111111111111111111111111111111111111111111111111111]
[111111111111111111111111111111111111111111111111111111111111111111111111111111111111111111111111111111111111111111111111111111111111111111111111111111111111111111111111111111111111111111111111111111111111111111111111111111111]
[111111111111111111111111111111111111111111111111111111111111111111111111111111111111111111111111111111111111111111111111111111111111111111111111111111111111111111111111111111111111111111111111111111111111111111111111111111111]
[111111111111111111111111111111111111111111111111111111111111111111111111111111111111111111111111111111111111111111111111111111111111111111111111111111111111111111111111111111111111111111111111111111111111111111111111111111111]
[111111111111111111111111111111111111111111111111111111111111111111111111111111111111111111111111111111111111111111111111111111111111111111111111111111111111111111111111111111111111111111111111111111111111111111111111111111111]
[111111111111111111111111111111111111111111111111111111111111111111111111111111111111111111111111111111111111111111111111111111111111111111111111111111111111111111111111111111111111111111111111111111111111111111111111111111111]
[111111111111111111111111111111111111111111111111111111111111111111111111111111111111111111111111111111111111111111111111111111111111111111111111111111111111111111111111111111111111111111111111111111111111111111111111111111111]
[111111111111111111111111111111111111111111111111111111111111111111111111111111111111111111111111111111111111111111111111111111111111111111111111111111111111111111111111111111111111111111111111111111111111111111111111111111111]
[111111111111111111111111111111111111111111111111111111111111111111111111111111111111111111111111111111111111111111111111111111111111111111111111111111111111111111111111111111111111111111111111111111111111111111111111111111111]
[111111111111111111111111111111111111111111111111111111111111111111111111111111111111111111111111111111111111111111111111111111111111111111111111111111111111111111111111111111111111111111111111111111111111111111111111111111111]
[111111111111111111111111111111111111111111111111111111111111111111111111111111111111111111111111111111111111111111111111111111111111111111111111111111111111111111111111111111111111111111111111111111111111111111111111111111111]
[111111111111111111111111111111111111111111111111111111111111111111111111111111111111111111111111111111111111111111111111111111111111111111111111111111111111111111111111111111111111111111111111111111111111111111111111111111111]
[111111111111111111111111111111111111111111111111111111111111111111111111111111111111111111111111111111111111111111111111111111111111111111111111111111111111111111111111111111111111111111111111111111111111111111111111111111111]
[111111111111111111111111111111111111111111111111111111111111111111111111111111111111111111111111111111111111111111111111111111111111111111111111111111111111111111111111111111111111111111111111111111111111111111111111111111111]
[111111111111111111111111111111111111111111111111111111111111111111111111111111111111111111111111111111111111111111111111111111111111111111111111111111111111111111111111111111111111111111111111111111111111111111111111111111111]
[111111111111111111111111111111111111111111111111111111111111111111111111111111111111111111111111111111111111111111111111111111111111111111111111111111111111111111111111111111111111111111111111111111111111111111111111111111111]
[111111111111111111111111111111111111111111111111111111111111111111111111111111111111111111111111111111111111111111111111111111111111111111111111111111111111111111111111111111111111111111111111111111111111111111111111111111111]
[111111111111111111111111111111111111111111111111111111111111111111111111111111111111111111111111111111111111111111111111111111111111111111111111111111111111111111111111111111111111111111111111111111111111111111111111111111111]
[111111111111111111111111111111111111111111111111111111111111111111111111111111111111111111111111111111111111111111111111111111111111111111111111111111111111111111111111111111111111111111111111111111111111111111111111111111111]
[111111111111111111111111111111111111111111111111111111111111111111111111111111111111111111111111111111111111111111111111111111111111111111111111111111111111111111111111111111111111111111111111111111111111111111111111111111111]
[111111111111111111111111111111111111111111111111111111111111111111111111111111111111111111111111111111111111111111111111111111111111111111111111111111111111111111111111111111111111111111111111111111111111111111111111111111111]
[111111111111111111111111111111111111111111111111111111111111111111111111111111111111111111111111111111111111111111111111111111111111111111111111111111111111111111111111111111111111111111111111111111111111111111111111111111111]
[111111111111111111111111111111111111111111111111111111111111111111111111111111111111111111111111111111111111111111111111111111111111111111111111111111111111111111111111111111111111111111111111111111111111111111111111111111111]
[111111111111111111111111111111111111111111111111111111111111111111111111111111111111111111111111111111111111111111111111111111111111111111111111111111111111111111111111111111111111111111111111111111111111111111111111111111111]
[111111111111111111111111111111111111111111111111111111111111111111111111111111111111111111111111111111111111111111111111111111111111111111111111111111111111111111111111111111111111111111111111111111111111111111111111111111111]
[111111111111111111111111111111111111111111111111111111111111111111111111111111111111111111111111111111111111111111111111111111111111111111111111111111111111111111111111111111111111111111111111111111111111111111111111111111111]
[111111111111111111111111111111111111111111111111111111111111111111111111111111111111111111111111111111111111111111111111111111111111111111111111111111111111111111111111111111111111111111111111111111111111111111111111111111111]
[111111111111111111111111111111111111111111111111111111111111111111111111111111111111111111111111111111111111111111111111111111111111111111111111111111111111111111111111111111111111111111111111111111111111111111111111111111111]
[111111111111111111111111111111111111111111111111111111111111111111111111111111111111111111111111111111111111111111111111111111111111111111111111111111111111111111111111111111111111111111111111111111111111111111111111111111111]
[111111111111111111111111111111111111111111111111111111111111111111111111111111111111111111111111111111111111111111111111111111111111111111111111111111111111111111111111111111111111111111111111111111111111111111111111111111111]
[111111111111111111111111111111111111111111111111111111111111111111111111111111111111111111111111111111111111111111111111111111111111111111111111111111111111111111111111111111111111111111111111111111111111111111111111111111111]
[111111111111111111111111111111111111111111111111111111111111111111111111111111111111111111111111111111111111111111111111111111111111111111111111111111111111111111111111111111111111111111111111111111111111111111111111111111111]
[111111111111111111111111111111111111111111111111111111111111111111111111111111111111111111111111111111111111111111111111111111111111111111111111111111111111111111111111111111111111111111111111111111111111111111111111111111111]
[111111111111111111111111111111111111111111111111111111111111111111111111111111111111111111111111111111111111111111111111111111111111111111111111111111111111111111111111111111111111111111111111111111111111111111111111111111111]
[111111111111111111111111111111111111111111111111111111111111111111111111111111111111111111111111111111111111111111111111111111111111111111111111111111111111111111111111111111111111111111111111111111111111111111111111111111111]
[111111111111111111111111111111111111111111111111111111111111111111111111111111111111111111111111111111111111111111111110000000000000111111111111111111111111111111111111111111111111111111111111111111111111111111111111111111111]
[111111111111111111111111111111111111111111111111111111111111111111111111111111111111111111111111111111111111111111111110000000000000011111111111111111111111111111111111111111111111111111111111111111111111111111111111111111111]
[111111111111111111111111111111111111111111111111111111111111111111111111111111111111111111111111111111111111111111110111000000000000011111111111111111111111111111111111111111111111111111111111111111111111111111111111111111111]
[111111111111111111111111111111111111111111111111111111111111111111111111111111111111111111111111111111111111111111100111100000000000001111111111111111111111111111111111111111111111111111111111111111111111111111111111111111111]
[111111111111111111111111111111111111111111111111111111111111111111111111111111111111111111111111111111111111111111100011100000000000000111111111111111111111111111111111111111111111111111111111111111111111111111111111111111111]
[111111111111111111111111111111111111111111111111111111111111111111111111111111111111111111111111111111111111111111000001110000000000000111111111111111111111111111111111111111111111111111111111111111111111111111111111111111111]
[111111111111111111111111111111111111111111111111111111111111111111111111111111111111111111111111111111111111111111000001110000000000000011111111111111111111111111111111111111111111111111111111111111111111111111111111111111111]
[111111111111111111111111111111111111111111111111111111111111111111111111111111111111111111111111111111111111111110000000111000000000000011111111111111111111111111111111111111111111111111111111111111111111111111111111111111111]
[111111111111111111111111111111111111111111111111111111111111111111111111111111111111111111111111111111111111111100000000111100000000000001111111111111111111111111111111111111111111111111111111111111111111111111111111111111111]
[111111111111111111111111111111111111111111111111111111111111111111111111111111111111111111111111111111111111111100000000011100000000000001111111111111111111111111111111111111111111111111111111111111111111111111111111111111111]
[111111111111111111111111111111111111111111111111111111111111111111111111111111111111111111111111111111111111111000000000011110000000000000111111111111111111111111111111111111111111111111111111111111111111111111111111111111111]
[111111111111111111111111111111111111111111111111111111111111111111111111111111111111111111111111111111111111111000000000001110000000000000011111111111111111111111111111111111111111111111111111111111111111111111111111111111111]
[111111111111111111111111111111111111111111111111111111111111111111111111111111111111111111111111111111111111110000000000000111000000000000011111111111111111111111111111111111111111111111111111111111111111111111111111111111111]
[111111111111111111111111111111111111111111111111111111111111111111111111111111111111111111111111111111111111110000000000000111100000000000001111111111111111111111111111111111111111111111111111111111111111111111111111111111111]
[111111111111111111111111111111111111111111111111111111111111111111111111111111111111111111111111111111111111100000000000000011100000000000001111111111111111111111111111111111111111111111111111111111111111111111111111111111111]
[111111111111111111111111111111111111111111111111111111111111111111111111111111111111111111111111111111111111000000000000000011110000000000000111111111111111111111111111111111111111111111111111111111111111111111111111111111111]
[111111111111111111111111111111111111111111111111111111111111111111111111111111111111111111111111111111111111000000000000000001110000000000000111111111111111111111111111111111111111111111111111111111111111111111111111111111111]
[111111111111111111111111111111111111111111111111111111111111111111111111111111111111111111111111111111111110000000000000000001111000000000000011111111111111111111111111111111111111111111111111111111111111111111111111111111111]
[111111111111111111111111111111111111111111111111111111111111111111111111111111111111111111111111111111111110000000000000000000111000000000000001111111111111111111111111111111111111111111111111111111111111111111111111111111111]
[111111111111111111111111111111111111111111111111111111111111111111111111111111111111111111111111111111111100000000000000000000011100000000000001111111111111111111111111111111111111111111111111111111111111111111111111111111111]
[111111111111111111111111111111111111111111111111111111111111111111111111111111111111111111111111111111111100000000000000000000011110000000000000111111111111111111111111111111111111111111111111111111111111111111111111111111111]
[111111111111111111111111111111111111111111111111111111111111111111111111111111111111111111111111111111111000000000000000000000001110000000000000111111111111111111111111111111111111111111111111111111111111111111111111111111111]
[111111111111111111111111111111111111111111111111111111111111111111111111111111111111111111111111111111110000000000000000000000001111000000000000011111111111111111111111111111111111111111111111111111111111111111111111111111111]
[111111111111111111111111111111111111111111111111111111111111111111111111111111111111111111111111111111110000000000000000000000000111000000000000011111111111111111111111111111111111111111111111111111111111111111111111111111111]
[111111111111111111111111111111111111111111111111111111111111111111111111111111111111111111111111111111100000000000000000000000000011100000000000001111111111111111111111111111111111111111111111111111111111111111111111111111111]
[111111111111111111111111111111111111111111111111111111111111111111111111111111111111111111111111111111100000000000000000000000000011100000000000001111111111111111111111111111111111111111111111111111111111111111111111111111111]
[111111111111111111111111111111111111111111111111111111111111111111111111111111111111111111111111111111000000000000000000000000000001110000000000000111111111111111111111111111111111111111111111111111111111111111111111111111111]
[111111111111111111111111111111111111111111111111111111111111111111111111111111111111111111111111111111111111111111111100000000000001111000000000000011111111111111111111111111111111111111111111111111111111111111111111111111111]
[111111111111111111111111111111111111111111111111111111111111111111111111111111111111111111111111111111111111111111111100000000000000111000000000000011111111111111111111111111111111111111111111111111111111111111111111111111111]
[111111111111111111111111111111111111111111111111111111111111111111111111111111111111110000000000000000000000000000001110000000000000111100000000000001111111111111111111111111111111111111111111111111111111111111111111111111111]
[111111111111111111111111111111111111111111111111111111111111111111111111111111111111110000000000000000000000000000001111000000000000011100000000000000111111111111111111111111111111111111111111111111111111111111111111111111111]
[111111111111111111111111111111111111111111111111111111111111111111111111111111111110111000000000000000000000000000000111000000000000001110000000000000111111111111111111111111111111111111111111111111111111111111111111111111111]
[111111111111111111111111111111111111111111111111111111111111111111111111111111111100111100000000000000000000000000000111100000000000001110000000000000011111111111111111111111111111111111111111111111111111111111111111111111111]
[111111111111111111111111111111111111111111111111111111111111111111111111111111111100011100000000000000000000000000000011100000000000000111000000000000011111111111111111111111111111111111111111111111111111111111111111111111111]
[111111111111111111111111111111111111111111111111111111111111111111111111111111111000011110000000000000000000000000000001110000000000000111100000000000001111111111111111111111111111111111111111111111111111111111111111111111111]
[111111111111111111111111111111111111111111111111111111111111111111111111111111110000001110000000000000000000000000000001110000000000000011100000000000001111111111111111111111111111111111111111111111111111111111111111111111111]
[111111111111111111111111111111111111111111111111111111111111111111111111111111110000000111000000000000000000000000000000111000000000000011110000000000000111111111111111111111111111111111111111111111111111111111111111111111111]
[111111111111111111111111111111111111111111111111111111111111111111111111111111100000000111000000000000000000000000000000111100000000000001110000000000000011111111111111111111111111111111111111111111111111111111111111111111111]
[111111111111111111111111111111111111111111111111111111111111111111111111111111100000000011100000000000000000000000000000011100000000000000111000000000000011111111111111111111111111111111111111111111111111111111111111111111111]
[111111111111111111111111111111111111111111111111111111111111111111111111111111000000000011110000000000000000000000000000011110000000000000111000000000000001111111111111111111111111111111111111111111111111111111111111111111111]
[111111111111111111111111111111111111111111111111111111111111111111111111111111000000000001110000000000000000000000000000001110000000000000011100000000000001111111111111111111111111111111111111111111111111111111111111111111111]
[111111111111111111111111111111111111111111111111111111111111111111111111111110000000000001111111111111111111111111111111111111000000000000011111111111111111111111111111111111111111111111111111111111111111111111111111111111111]
[111111111111111111111111111111111111111111111111111111111111111111111111111100000000000000111111111111111111111111111111111111000000000000001111111111111111111111111111111111111111111111111111111111111111111111111111111111111]
[111111111111111111111111111111111111111111111111111111111111111111111111111100000000000001111111111111111111111111111111111111000000000000011111111111111111111111111111111111111111111111111111111111111111111111111111111111111]
[111111111111111111111111111111111111111111111111111111111111111111111111111000000000000011110000000000000000000000000000001110000000000000111100000000000001111111111111111111111111111111111111111111111111111111111111111111111]
[111111111111111111111111111111111111111111111111111111111111111111111111111000000000000011100000000000000000000000000000011100000000000000111000000000000011111111111111111111111111111111111111111111111111111111111111111111111]
[111111111111111111111111111111111111111111111111111111111111111111111111110000000000000111100000000000000000000000000000011100000000000001111000000000000011111111111111111111111111111111111111111111111111111111111111111111111]
[111111111111111111111111111111111111111111111111111111111111111111111111100000000000000111000000000000000000000000000000111000000000000001110000000000000111111111111111111111111111111111111111111111111111111111111111111111111]
[111111111111111111111111111111111111111111111111111111111111111111111111100000000000001110000000000000000000000000000001111000000000000011100000000000000111111111111111111111111111111111111111111111111111111111111111111111111]
[111111111111111111111111111111111111111111111111111111111111111111111111000000000000001110000000000000000000000000000001110000000000000011100000000000001111111111111111111111111111111111111111111111111111111111111111111111111]
[111111111111111111111111111111111111111111111111111111111111111111111111000000000000011100000000000000000000000000000011110000000000000111000000000000001111111111111111111111111111111111111111111111111111111111111111111111111]
[111111111111111111111111111111111111111111111111111111111111111111111110000000000000111100000000000000000000000000000011100000000000001111000000000000011111111111111111111111111111111111111111111111111111111111111111111111111]
[111111111111111111111111111111111111111111111111111111111111111111111110000000000000111000000000000000000000000000000111000000000000001110000000000000111111111111111111111111111111111111111111111111111111111111111111111111111]
[111111111111111111111111111111111111111111111111111111111111111111111100000000000001111000000000000000000000000000000111000000000000011100000000000000111111111111111111111111111111111111111111111111111111111111111111111111111]
[111111111111111111111111111111111111111111111111111111111111111111111000000000000001110000000000000000000000000000001110000000000000011100000000000001111111111111111111111111111111111111111111111111111111111111111111111111111]
[111111111111111111111111111111111111111111111111111111111111111111111000000000000011100000000000001111111111111111111110000000000000111000000000000001111111111111111111111111111111111111111111111111111111111111111111111111111]
[111111111111111111111111111111111111111111111111111111111111111111110000000000000011100000000000001111111111111111111100000000000000111000000000000011111111111111111111111111111111111111111111111111111111111111111111111111111]
[111111111111111111111111111111111111111111111111111111111111111111110000000000000111000000000000011111111111111111111100000000000001110000000000000011111111111111111111111111111111111111111111111111111111111111111111111111111]
[111111111111111111111111111111111111111111111111111111111111111111100000000000001111000000000000011111000000000000001110000000000011110000000000000111111111111111111111111111111111111111111111111111111111111111111111111111111]
[111111111111111111111111111111111111111111111111111111111111111111100000000000001110000000000000111111100000000000001111000000000011100000000000001111111111111111111111111111111111111111111111111111111111111111111111111111111]
[111111111111111111111111111111111111111111111111111111111111111111000000000000011110000000000000111011110000000000000111000000000111000000000000001110111111111111111111111111111111111111111111111111111111111111111111111111111]
[111111111111111111111111111111111111111111111111111111111111111110000000000000011100000000000001110001110000000000000111100000000111000000000000011110011111111111111111111111111111111111111111111111111111111111111111111111111]
[111111111111111111111111111111111111111111111111111111111111111110000000000000111000000000000011110001111000000000000011100000001110000000000000011100011111111111111111111111111111111111111111111111111111111111111111111111111]
[111111111111111111111111111111111111111111111111111111111111111100000000000001111000000000000011100000111000000000000001110000011110000000000000111000001111111111111111111111111111111111111111111111111111111111111111111111111]
[111111111111111111111111111111111111111111111111111111111111111100000000000001110000000000000111100000011100000000000001111000011100000000000000111000001111111111111111111111111111111111111111111111111111111111111111111111111]
[111111111111111111111111111111111111111111111111111111111111111000000000000011110000000000000111000000011110000000000000111000111100000000000001110000000111111111111111111111111111111111111111111111111111111111111111111111111]
[111111111111111111111111111111111111111111111111111111111111111000000000000011100000000000001110000000001110000000000000111100111000000000000011110000000011111111111111111111111111111111111111111111111111111111111111111111111]
[111111111111111111111111111111111111111111111111111111111111110000000000000111000000000000001110000000001111000000000000011101110000000000000011100000000011111111111111111111111111111111111111111111111111111111111111111111111]
[111111111111111111111111111111111111111111111111111111111111100000000000000111000000000000011100000000000111000000000000001111110000000000000111000000000001111111111111111111111111111111111111111111111111111111111111111111111]
[111111111111111111111111111111111111111111111111111111111111100000000000001110000000000000111100000000000111100000000000001111110000000000000111000000000001111111111111111111111111111111111111111111111111111111111111111111111]
[111111111111111111111111111111111111111111111111111111111111000000000000011110000000000000111000000000000011100000000000000111111111111111111110000000000000111111111111111111111111111111111111111111111111111111111111111111111]
[111111111111111111111111111111111111111111111111111111111111000000000000011100000000000000111000000000000001110000000000000111111111111111111110000000000000111111111111111111111111111111111111111111111111111111111111111111111]
[111111111111111111111111111111111111111111111111111111111111000000000000111100000000000000111100000000000001111000000000000011111111111111111100000000000000011111111111111111111111111111111111111111111111111111111111111111111]
[111111111111111111111111111111111111111111111111111111111111100000000000111000000000000000011100000000000000111000000000000000000000000000000000000000000000001111111111111111111111111111111111111111111111111111111111111111111]
[111111111111111111111111111111111111111111111111111111111111110000000001110000000000000000001110000000000000111100000000000000000000000000000000000000000000001111111111111111111111111111111111111111111111111111111111111111111]
[111111111111111111111111111111111111111111111111111111111111110000000001110000000000000000001111000000000000011100000000000000000000000000000000000000000000000111111111111111111111111111111111111111111111111111111111111111111]
[111111111111111111111111111111111111111111111111111111111111111000000011100000000000000000000111000000000000001110000000000000000000000000000000000000000000000111111111111111111111111111111111111111111111111111111111111111111]
[111111111111111111111111111111111111111111111111111111111111111000000111100000000000000000000111100000000000001110000000000000000000000000000000000000000000000011111111111111111111111111111111111111111111111111111111111111111]
[111111111111111111111111111111111111111111111111111111111111111100000111000000000000000000000011100000000000000111000000000000000000000000000000000000000000000001111111111111111111111111111111111111111111111111111111111111111]
[111111111111111111111111111111111111111111111111111111111111111100001111000000000000000000000001110000000000000111100000000000000000000000000000000000000000000001111111111111111111111111111111111111111111111111111111111111111]
[111111111111111111111111111111111111111111111111111111111111111110001110000000000000000000000001110000000000000011100000000000000000000000000000000000000000000000111111111111111111111111111111111111111111111111111111111111111]
[111111111111111111111111111111111111111111111111111111111111111111011100000000000000000000000000111000000000000011110000000000000000000000000000000000000000000000111111111111111111111111111111111111111111111111111111111111111]
[111111111111111111111111111111111111111111111111111111111111111111111100000000000000000000000000111000000000000001110000000000000000000000000000000000000000000000011111111111111111111111111111111111111111111111111111111111111]
[111111111111111111111111111111111111111111111111111111111111111111111000000000000000000000000000011100000000000000111000000000000000000000000000000000000000000000011111111111111111111111111111111111111111111111111111111111111]
[111111111111111111111111111111111111111111111111111111111111111111111111111111111111111111111111111110000000000000111111111111111111111111111111111111111111111111111111111111111111111111111111111111111111111111111111111111111]
[111111111111111111111111111111111111111111111111111111111111111111111111111111111111111111111111111110000000000000011111111111111111111111111111111111111111111111111111111111111111111111111111111111111111111111111111111111111]
[111111111111111111111111111111111111111111111111111111111111111111111111111111111111111111111111111111000000000000111111111111111111111111111111111111111111111111111111111111111111111111111111111111111111111111111111111111111]
[111111111111111111111111111111111111111111111111111111111111111111111111111111111111111111111111111111000000000000111000000000000000000000000000000000000000000000011111111111111111111111111111111111111111111111111111111111111]
[111111111111111111111111111111111111111111111111111111111111111111111111111111111111111111111111111111100000000001110000000000000000000000000000000000000000000000011111111111111111111111111111111111111111111111111111111111111]
[111111111111111111111111111111111111111111111111111111111111111111111111111111111111111111111111111111110000000011110000000000000000000000000000000000000000000000111111111111111111111111111111111111111111111111111111111111111]
[111111111111111111111111111111111111111111111111111111111111111111111111111111111111111111111111111111110000000011100000000000000000000000000000000000000000000000111111111111111111111111111111111111111111111111111111111111111]
[111111111111111111111111111111111111111111111111111111111111111111111111111111111111111111111111111111111000000111100000000000000000000000000000000000000000000001111111111111111111111111111111111111111111111111111111111111111]
[111111111111111111111111111111111111111111111111111111111111111111111111111111111111111111111111111111111000000111000000000000000000000000000000000000000000000011111111111111111111111111111111111111111111111111111111111111111]
[111111111111111111111111111111111111111111111111111111111111111111111111111111111111111111111111111111111100001110000000000000000000000000000000000000000000000011111111111111111111111111111111111111111111111111111111111111111]
[111111111111111111111111111111111111111111111111111111111111111111111111111111111111111111111111111111111100001110000000000000000000000000000000000000000000000111111111111111111111111111111111111111111111111111111111111111111]
[111111111111111111111111111111111111111111111111111111111111111111111111111111111111111111111111111111111110011100000000000000000000000000000000000000000000000111111111111111111111111111111111111111111111111111111111111111111]
[111111111111111111111111111111111111111111111111111111111111111111111111111111111111111111111111111111111111111100000000000000000000000000000000000000000000001111111111111111111111111111111111111111111111111111111111111111111]
[111111111111111111111111111111111111111111111111111111111111111111111111111111111111111111111111111111111111111000000000000000000000000000000000000000000000001111111111111111111111111111111111111111111111111111111111111111111]
[111111111111111111111111111111111111111111111111111111111111111111111111111111111111111111111111111111111111111111111111111111111111111111111111111111111111111111111111111111111111111111111111111111111111111111111111111111111]
[111111111111111111111111111111111111111111111111111111111111111111111111111111111111111111111111111111111111111111111111111111111111111111111111111111111111111111111111111111111111111111111111111111111111111111111111111111111]
[111111111111111111111111111111111111111111111111111111111111111111111111111111111111111111111111111111111111111111111111111111111111111111111111111111111111111111111111111111111111111111111111111111111111111111111111111111111]
[111111111111111111111111111111111111111111111111111111111111111111111111111111111111111111111111111111111111111111111111111111111111111111111111111111111111111111111111111111111111111111111111111111111111111111111111111111111]
[111111111111111111111111111111111111111111111111111111111111111111111111111111111111111111111111111111111111111111111111111111111111111111111111111111111111111111111111111111111111111111111111111111111111111111111111111111111]
[111111111111111111111111111111111111111111111111111111111111111111111111111111111111111111111111111111111111111111111111111111111111111111111111111111111111111111111111111111111111111111111111111111111111111111111111111111111]
[111111111111111111111111111111111111111111111111111111111111111111111111111111111111111111111111111111111111111111111111111111111111111111111111111111111111111111111111111111111111111111111111111111111111111111111111111111111]
[111111111111111111111111111111111111111111111111111111111111111111111111111111111111111111111111111111111111111111111111111111111111111111111111111111111111111111111111111111111111111111111111111111111111111111111111111111111]
[111111111111111111111111111111111111111111111111111111111111111111111111111111111111111111111111111111111111111111111111111111111111111111111111111111111111111111111111111111111111111111111111111111111111111111111111111111111]
[111111111111111111111111111111111111111111111111111111111111111111111111111111111111111111111111111111111111111111111111111111111111111111111111111111111111111111111111111111111111111111111111111111111111111111111111111111111]
[111111111111111111111111111111111111111111111111111111111111111111111111111111111111111111111111111111111111111111111111111111111111111111111111111111111111111111111111111111111111111111111111111111111111111111111111111111111]
[111111111111111111111111111111111111111111111111111111111111111111111111111111111111111111111111111111111111111111111111111111111111111111111111111111111111111111111111111111111111111111111111111111111111111111111111111111111]
[111111111111111111111111111111111111111111111111111111111111111111111111111111111111111111111111111111111111111111111111111111111111111111111111111111111111111111111111111111111111111111111111111111111111111111111111111111111]
[111111111111111111111111111111111111111111111111111111111111111111111111111111111111111111111111111111111111111111111111111111111111111111111111111111111111111111111111111111111111111111111111111111111111111111111111111111111]
[111111111111111111111111111111111111111111111111111111111111111111111111111111111111111111111111111111111111111111111111111111111111111111111111111111111111111111111111111111111111111111111111111111111111111111111111111111111]
[111111111111111111111111111111111111111111111111111111111111111111111111111111111111111111111111111111111111111111111111111111111111111111111111111111111111111111111111111111111111111111111111111111111111111111111111111111111]
[111111111111111111111111111111111111111111111111111111111111111111111111111111111111111111111111111111111111111111111111111111111111111111111111111111111111111111111111111111111111111111111111111111111111111111111111111111111]
[111111111111111111111111111111111111111111111111111111111111111111111111111111111111111111111111111111111111111111111111111111111111111111111111111111111111111111111111111111111111111111111111111111111111111111111111111111111]
[111111111111111111111111111111111111111111111111111111111111111111111111111111111111111111111111111111111111111111111111111111111111111111111111111111111111111111111111111111111111111111111111111111111111111111111111111111111]
[111111111111111111111111111111111111111111111111111111111111111111111111111111111111111111111111111111111111111111111111111111111111111111111111111111111111111111111111111111111111111111111111111111111111111111111111111111111]
[111111111111111111111111111111111111111111111111111111111111111111111111111111111111111111111111111111111111111111111111111111111111111111111111111111111111111111111111111111111111111111111111111111111111111111111111111111111]
[111111111111111111111111111111111111111111111111111111111111111111111111111111111111111111111111111111111111111111111111111111111111111111111111111111111111111111111111111111111111111111111111111111111111111111111111111111111]
[111111111111111111111111111111111111111111111111111111111111111111111111111111111111111111111111111111111111111111111111111111111111111111111111111111111111111111111111111111111111111111111111111111111111111111111111111111111]
[111111111111111111111111111111111111111111111111111111111111111111111111111111111111111111111111111111111111111111111111111111111111111111111111111111111111111111111111111111111111111111111111111111111111111111111111111111111]
[111111111111111111111111111111111111111111111111111111111111111111111111111111111111111111111111111111111111111111111111111111111111111111111111111111111111111111111111111111111111111111111111111111111111111111111111111111111]
[111111111111111111111111111111111111111111111111111111111111111111111111111111111111111111111111111111111111111111111111111111111111111111111111111111111111111111111111111111111111111111111111111111111111111111111111111111111]
[111111111111111111111111111111111111111111111111111111111111111111111111111111111111111111111111111111111111111111111111111111111111111111111111111111111111111111111111111111111111111111111111111111111111111111111111111111111]
[111111111111111111111111111111111111111111111111111111111111111111111111111111111111111111111111111111111111111111111111111111111111111111111111111111111111111111111111111111111111111111111111111111111111111111111111111111111]
[111111111111111111111111111111111111111111111111111111111111111111111111111111111111111111111111111111111111111111111111111111111111111111111111111111111111111111111111111111111111111111111111111111111111111111111111111111111]
[111111111111111111111111111111111111111111111111111111111111111111111111111111111111111111111111111111111111111111111111111111111111111111111111111111111111111111111111111111111111111111111111111111111111111111111111111111111]
[111111111111111111111111111111111111111111111111111111111111111111111111111111111111111111111111111111111111111111111111111111111111111111111111111111111111111111111111111111111111111111111111111111111111111111111111111111111]
[111111111111111111111111111111111111111111111111111111111111111111111111111111111111111111111111111111111111111111111111111111111111111111111111111111111111111111111111111111111111111111111111111111111111111111111111111111111]
[111111111111111111111111111111111111111111111111111111111111111111111111111111111111111111111111111111111111111111111111111111111111111111111111111111111111111111111111111111111111111111111111111111111111111111111111111111111]
[111111111111111111111111111111111111111111111111111111111111111111111111111111111111111111111111111111111111111111111111111111111111111111111111111111111111111111111111111111111111111111111111111111111111111111111111111111111]
[111111111111111111111111111111111111111111111111111111111111111111111111111111111111111111111111111111111111111111111111111111111111111111111111111111111111111111111111111111111111111111111111111111111111111111111111111111111]
[111111111111111111111111111111111111111111111111111111111111111111111111111111111111111111111111111111111111111111111111111111111111111111111111111111111111111111111111111111111111111111111111111111111111111111111111111111111]
[111111111111111111111111111111111111111111111111111111111111111111111111111111111111111111111111111111111111111111111111111111111111111111111111111111111111111111111111111111111111111111111111111111111111111111111111111111111]
[111111111111111111111111111111111111111111111111111111111111111111111111111111111111111111111111111111111111111111111111111111111111111111111111111111111111111111111111111111111111111111111111111111111111111111111111111111111]
[111111111111111111111111111111111111111111111111111111111111111111111111111111111111111111111111111111111111111111111111111111111111111111111111111111111111111111111111111111111111111111111111111111111111111111111111111111111]
[111111111111111111111111111111111111111111111111111111111111111111111111111111111111111111111111111111111111111111111111111111111111111111111111111111111111111111111111111111111111111111111111111111111111111111111111111111111]
[111111111111111111111111111111111111111111111111111111111111111111111111111111111111111111111111111111111111111111111111111111111111111111111111111111111111111111111111111111111111111111111111111111111111111111111111111111111]
[111111111111111111111111111111111111111111111111111111111111111111111111111111111111111111111111111111111111111111111111111111111111111111111111111111111111111111111111111111111111111111111111111111111111111111111111111111111]
[111111111111111111111111111111111111111111111111111111111111111111111111111111111111111111111111111111111111111111111111111111111111111111111111111111111111111111111111111111111111111111111111111111111111111111111111111111111]
[111111111111111111111111111111111111111111111111111111111111111111111111111111111111111111111111111111111111111111111111111111111111111111111111111111111111111111111111111111111111111111111111111111111111111111111111111111111]
[111111111111111111111111111111111111111111111111111111111111111111111111111111111111111111111111111111111111111111111111111111111111111111111111111111111111111111111111111111111111111111111111111111111111111111111111111111111]
[111111111111111111111111111111111111111111111111111111111111111111111111111111111111111111111111111111111111111111111111111111111111111111111111111111111111111111111111111111111111111111111111111111111111111111111111111111111]
[111111111111111111111111111111111111111111111111111111111111111111111111111111111111111111111111111111111111111111111111111111111111111111111111111111111111111111111111111111111111111111111111111111111111111111111111111111111]
[111111111111111111111111111111111111111111111111111111111111111111111111111111111111111111111111111111111111111111111111111111111111111111111111111111111111111111111111111111111111111111111111111111111111111111111111111111111]
[111111111111111111111111111111111111111111111111111111111111111111111111111111111111111111111111111111111111111111111111111111111111111111111111111111111111111111111111111111111111111111111111111111111111111111111111111111111]
[111111111111111111111111111111111111111111111111111111111111111111111111111111111111111111111111111111111111111111111111111111111111111111111111111111111111111111111111111111111111111111111111111111111111111111111111111111111]
[111111111111111111111111111111111111111111111111111111111111111111111111111111111111111111111111111111111111111111111111111111111111111111111111111111111111111111111111111111111111111111111111111111111111111111111111111111111]
[111111111111111111111111111111111111111111111111111111111111111111111111111111111111111111111111111111111111111111111111111111111111111111111111111111111111111111111111111111111111111111111111111111111111111111111111111111111]
[111111111111111111111111111111111111111111111111111111111111111111111111111111111111111111111111111111111111111111111111111111111111111111111111111111111111111111111111111111111111111111111111111111111111111111111111111111111]
[111111111111111111111111111111111111111111111111111111111111111111111111111111111111111111111111111111111111111111111111111111111111111111111111111111111111111111111111111111111111111111111111111111111111111111111111111111111]
[111111111111111111111111111111111111111111111111111111111111111111111111111111111111111111111111111111111111111111111111111111111111111111111111111111111111111111111111111111111111111111111111111111111111111111111111111111111]
[111111111111111111111111111111111111111111111111111111111111111111111111111111111111111111111111111111111111111111111111111111111111111111111111111111111111111111111111111111111111111111111111111111111111111111111111111111111]
[111111111111111111111111111111111111111111111111111111111111111111111111111111111111111111111111111111111111111111111111111111111111111111111111111111111111111111111111111111111111111111111111111111111111111111111111111111111]
[111111111111111111111111111111111111111111111111111111111111111111111111111111111111111111111111111111111111111111111111111111111111111111111111111111111111111111111111111111111111111111111111111111111111111111111111111111111]
[111111111111111111111111111111111111111111111111111111111111111111111111111111111111111111111111111111111111111111111111111111111111111111111111111111111111111111111111111111111111111111111111111111111111111111111111111111111]
[111111111111111111111111111111111111111111111111111111111111111111111111111111111111111111111111111111111111111111111111111111111111111111111111111111111111111111111111111111111111111111111111111111111111111111111111111111111]
[111111111111111111111111111111111111111111111111111111111111111111111111111111111111111111111111111111111111111111111111111111111111111111111111111111111111111111111111111111111111111111111111111111111111111111111111111111111]
[111111111111111111111111111111111111111111111111111111111111111111111111111111111111111111111111111111111111111111111111111111111111111111111111111111111111111111111111111111111111111111111111111111111111111111111111111111111]
[111111111111111111111111111111111111111111111111111111111111111111111111111111111111111111111111111111111111111111111111111111111111111111111111111111111111111111111111111111111111111111111111111111111111111111111111111111111]
[111111111111111111111111111111111111111111111111111111111111111111111111111111111111111111111111111111111111111111111111111111111111111111111111111111111111111111111111111111111111111111111111111111111111111111111111111111111]
[111111111111111111111111111111111111111111111111111111111111111111111111111111111111111111111111111111111111111111111111111111111111111111111111111111111111111111111111111111111111111111111111111111111111111111111111111111111]
[111111111111111111111111111111111111111111111111111111111111111111111111111111111111111111111111111111111111111111111111111111111111111111111111111111111111111111111111111111111111111111111111111111111111111111111111111111111]]
